L2 = [[0.0000, 6.2664, 3.5109, 4.7509, 3.9415, 4.5344, 3.8324, 4.7235, 2.7507, 5.9440],
      [6.2664, 0.0000, 6.1784, 5.5811, 5.8249, 6.8577, 5.9551, 6.5859, 5.6889, 6.5488],
      [3.5109, 6.1784, 0.0000, 3.7246, 3.0424, 4.7422, 3.5416, 4.7269, 4.1981, 6.1918],
      [4.7509, 5.5811, 3.7246, 0.0000, 3.7077, 4.9694, 4.4259, 5.0639, 4.7272, 5.9346],
      [3.9415, 5.8249, 3.0424, 3.7077, 0.0000, 4.5871, 3.1336, 4.9262, 4.3663, 6.0817],
      [4.5344, 6.8577, 4.7422, 4.9694, 4.5871, 0.0000, 4.9148, 5.6655, 4.9051, 6.6557],
      [3.8324, 5.9551, 3.5416, 4.4259, 3.1336, 4.9148, 0.0000, 5.0619, 3.9503, 6.5107],
      [4.7235, 6.5859, 4.7269, 5.0639, 4.9262, 5.6655, 5.0619, 0.0000, 5.0988, 6.9354],
      [2.7507, 5.6889, 4.1981, 4.7272, 4.3663, 4.9051, 3.9503, 5.0988, 0.0000, 5.6533],
      [5.9440, 6.5488, 6.1918, 5.9346, 6.0817, 6.6557, 6.5107, 6.9354, 5.6533, 0.0000]]

Linf = [[0.0000, 0.3882, 0.2667, 0.2784, 0.2118, 0.3176, 0.2667, 0.3137, 0.2275, 0.3373],
        [0.3882, 0.0000, 0.3490, 0.3490, 0.3451, 0.3843, 0.3804, 0.4118, 0.3255, 0.4118],
        [0.2667, 0.3490, 0.0000, 0.2784, 0.2157, 0.2902, 0.2549, 0.3137, 0.2706, 0.3608],
        [0.2784, 0.3490, 0.2784, 0.0000, 0.2431, 0.3216, 0.2941, 0.3098, 0.3020, 0.3725],
        [0.2118, 0.3451, 0.2157, 0.2431, 0.0000, 0.2902, 0.2353, 0.2588, 0.2196, 0.3294],
        [0.3176, 0.3843, 0.2902, 0.3216, 0.2902, 0.0000, 0.2824, 0.3098, 0.3020, 0.3647],
        [0.2667, 0.3804, 0.2549, 0.2941, 0.2353, 0.2824, 0.0000, 0.3137, 0.2588, 0.3490],
        [0.3137, 0.4118, 0.3137, 0.3098, 0.2588, 0.3098, 0.3137, 0.0000, 0.3098, 0.3725],
        [0.2275, 0.3255, 0.2706, 0.3020, 0.2196, 0.3020, 0.2588, 0.3098, 0.0000, 0.2980],
        [0.3373, 0.4118, 0.3608, 0.3725, 0.3294, 0.3647, 0.3490, 0.3725, 0.2980, 0.0000]]
